$ANSIBLE_VAULT;1.1;AES256
39366362326332373333643136623036323830313633356631626334396465653639613332346164
3332316665623435666235326138616661323863343266390a343661656136393664333430633136
62323434303763386363366133663864316362613166356430353462396365313062656163386131
3330353139316334650a623365306431636465393330636131336365663538316334333136393036
31346563333634663939613166373466653266363131376163333133373236666634373331316262
38366130306137363330383336373838666437336237373735653562643139666264316331333132
33656637323662643865333038323931626661313762626137353431366230323634393937623161
37363238613163333237646535633930393236306361306462623630616635336662623331363563
33613664373538353330383439326564363361383262656431323237373330643439383839626164
38376238356233623561366337346330393836383934353666303335663536353131626432616336
63616235363730643237336530323764626563626633613136666636356430393030396566613639
39386366336465393830396139616263393161376535623663336432396564663035353233316564
66643763666136303336616633656664376132633836303864666337366638613834633134643232
66356433386365343862363238303832356337636633303939346132363938396636613538353433
35623966323862613864626336336365326630626235616665353432376663356666336138363034
33373830633330323039346238666239333662626565343763613135346433653730383365393733
65333039616563666332386233316535346638636336383331323839396666366132666436633265
38613339653965373339363239303132313466626631313238333165646366616663373539393231
37636639326337656339646634313363616133663161663935313065303239323030366461343537
64386432333865393235396261653565353332636663333963386462313335373838316538346133
36633066643334373937353736373531356134363032626261613161346164393836393839303136
33316232666539313737616337393234613461643433376433366535646161613135313933643231
30303963313861646663623532653535636563383435386634313763346133313438346537316264
38393463393964303133623431646266376339333231353437313461353036313638326435623437
31643863386664623332356564633361366331643233623530363435663134376431
